20230232728
20230232729
20230232730
20230232731
20230232732
20230232733
20230232734
20230232735
20230232736
20230232737
20230232738
20230232739
20230232740
20230232741
20230232742
20230232743
20230232744
20230232745
20230232746
20230232747
20230232748
20230232749
20230232750
20230232751
20230232752
20230232753
20230232754
20230232755
20230232756
20230232757
20230232758
20230232759
20230232760
20230232761
20230232762
20230232763
20230232764
20230232765
20230232766
20230232767
20230232768
20230232769
20230232770
20230232771
20230232772
20230232773
20230232774
20230232775
20230232776
20230232777
20230232778
20230232779
20230232780
20230232781
20230232782
20230232783
20230232784
20230232785
20230232786
20230232787
20230232788
20230232789
20230232790
20230232791
20230232792
20230232793
20230232794
20230232795
20230232796
20230232797
20230232798
20230232799
20230232800
20230232801
20230232802
20230232803
20230232804
20230232805
20230232806
20230232807
20230232808
20230232809
20230232810
20230232811
20230232812
20230232813
20230232814
20230232815
20230232816
20230232817
20230232818
20230232819
20230232820
20230232821
20230232822
20230232823
20230232824
20230232825
20230232826
20230232827
20230232828
20230232829
20230232830
20230232831
20230232832
20230232833
20230232834
20230232835
20230232836
20230232837
20230232838
20230232839
20230232840
20230232841
20230232842
20230232843
20230232844
20230232845
20230232846
20230232847
20230232848
20230232849
20230232850
20230232851
20230232852
20230232853
20230232854
20230232855
20230232856
20230232857
20230232858
20230232859
20230232860
20230232861
20230232862
20230232863
20230232864
20230232865
20230232866
20230232867
20230232868
20230232869
20230232870
20230232871
20230232872
20230232873
20230232874
20230232875
20230232876
20230232877
20230232878
20230232879
20230232880
20230232881
20230232882
20230232883
20230232884
20230232885
20230232886
20230232887
20230232888
20230232889
20230232890
20230232891
20230232892
20230232893
20230232894
20230232895
20230232896
20230232897
20230232898
20230232899
20230232900
20230232901
20230232902
20230232903
20230232904
20230232905
20230232906
20230232907
20230232908
20230232909
20230232910
20230232911
20230232912
20230232913
20230232914
20230232915
20230232916
20230232917
20230232918
20230232919
20230232920
20230232921
20230232922
20230232923
20230232924
20230232925
20230232926
20230232927
20230232928
20230232929
20230232930
20230232931
20230232932
20230232933
20230232934
20230232935
20230232936
20230232937
20230232938
20230232939
20230232940
20230232941
20230232942
20230232943
20230232944
20230232945
20230232946
20230232947
20230232948
20230232949
20230232950
20230232951
20230232952
20230232953
20230232954
20230232955
20230232956
20230232957
20230232958
20230232959
20230232960
20230232961
20230232962
20230232963
20230232964
20230232965
20230232966
20230232967
20230232968
20230232969
20230232970
20230232971
20230232972
20230232973
20230232974
20230232975
20230232976
20230232977
20230232978
20230232979
20230232980
20230232981
20230232982
20230232983
20230232984
20230232985
20230232986
20230232987
20230232988
20230232989
20230232990
20230232991
20230232992
20230232993
20230232994
20230232995
20230232996
20230232997
20230232998
20230232999
20230233000
20230233001
20230233002
20230233003
20230233004
20230233005
20230233006
20230233007
20230233008
20230233009
20230233010
20230233011
20230233012
20230233013
20230233014
20230233015
20230233016
20230233017
20230233018
20230233019
20230233020
20230233021
20230233022
20230233023
20230233024
20230233025
20230233026
20230233027
20230233028
20230233029
20230233030
20230233031
20230233032
20230233033
20230233034
20230233035
20230233036
20230233037
20230233038
20230233039
20230233040
20230233041
20230233042
20230233043
20230233044
20230233045
20230233046
20230233047
20230233048
20230233049
20230233050
20230233051
20230233052
20230233053
20230233054
20230233055
20230233056
20230233057
20230233058
20230233059
20230233060
20230233061
20230233062
20230233063
20230233064
20230233065
20230233066
20230233067
20230233068
20230233069
20230233070
20230233071
20230233072
20230233073
20230233074
20230233075
20230233076
20230233077
20230233078
20230233079
20230233080
20230233081
20230233082
20230233083
20230233084
20230233085
20230233086
20230233087
20230233088
20230233089
20230233090
20230233091
20230233092
20230233093
20230233094
20230233095
20230233096
20230233097
20230233098
20230233099
20230233100
20230233101
20230233102
20230233103
20230233104
20230233105
20230233106
20230233107
20230233108
20230233109
20230233110
20230233111
20230233112
20230233113
20230233114
20230233115
20230233116
20230233117
20230233118
20230233119
20230233120
20230233121
20230233122
20230233123
20230233124
20230233126
20230233127
20230233128
20230233129
20230233130
20230233131
20230233132
20230233133
20230233134
20230233135
20230233136
20230233137
20230233138
20230233139
20230233140
20230233141
20230233142
20230233143
20230233144
20230233145
20230233146
20230233147
20230233148
20230233149
20230233150
20230233151
20230233152
20230233153
20230233154
20230233155
20230233156
20230233157
20230233158
20230233159
20230233160
20230233161
20230233162
20230233163
20230233164
20230233165
20230233166
20230233167
20230233168
20230233169
20230233170
20230233171
20230233172
20230233173
20230233174
20230233175
20230233176
20230233177
20230233178
20230233179
20230233180
20230233181
20230233182
20230233183
20230233184
20230233185
20230233186
20230233187
20230233188
20230233189
20230233190
20230233191
20230233192
20230233193
20230233194
20230233195
20230233196
20230233197
20230233198
20230233199
20230233200
20230233201
20230233202
20230233203
20230233204
20230233205
20230233206
20230233207
20230233208
20230233209
20230233210
20230233211
20230233212
20230233213
20230233214
20230233215
20230233216
20230233217
20230233218
20230233219
20230233220
20230233221
20230233222
20230233223
20230233224
20230233225
20230233226
20230233227
20230233228
20230233229
20230233230
20230233231
20230233232
20230233233
20230233234
20230233235
20230233236
20230233237
20230233238
20230233239
20230233240
20230233241
20230233242
20230233243
20230233244
20230233245
20230233246
20230233247
20230233248
20230233249
20230233250
20230233251
20230233252
20230233253
20230233254
20230233255
20230233256
20230233257
20230233258
20230233259
20230233260
20230233261
20230233262
20230233263
20230233264
20230233265
20230233266
20230233267
20230233268
20230233269
20230233270
20230233271
20230233272
20230233273
20230233274
20230233275
20230233276
20230233277
20230233278
20230233279
20230233280
20230233281
20230233282
20230233283
20230233284
20230233285
20230233286
20230233287
20230233288
20230233289
20230233290
20230233291
20230233292
20230233293
20230233294
20230233295
20230233296
20230233297
20230233298
20230233299
20230233300
20230233301
20230233302
20230233303
20230233304
20230233305
20230233306
20230233307
20230233308
20230233309
20230233310
20230233311
20230233312
20230233313
20230233314
20230233315
20230233316
20230233317
20230233318
20230233319
20230233320
20230233321
20230233322
20230233323
20230233324
20230233325
20230233326
20230233327
20230233328
20230233329
20230233330
20230233331
20230233332
20230233333
20230233334
20230233335
20230233336
20230233337
20230233338
20230233339
20230233340
20230233341
20230233342
20230233343
20230233344
20230233345
20230233346
20230233347
20230233348
20230233349
20230233350
20230233351
20230233352
20230233353
20230233354
20230233355
20230233356
20230233357
20230233358
20230233359
20230233360
20230233361
20230233362
20230233363
20230233364
20230233365
20230233366
20230233367
20230233368
20230233369
20230233370
20230233371
20230233372
20230233373
20230233374
20230233375
20230233376
20230233377
20230233378
20230233379
20230233380
20230233381
20230233382
20230233383
20230233384
20230233385
20230233386
20230233387
20230233388
20230233389
20230233390
20230233391
20230233392
20230233393
20230233394
20230233395
20230233396
20230233397
20230233398
20230233399
20230233400
20230233401
20230233402
20230233403
20230233404
20230233405
20230233406
20230233407
20230233408
20230233409
20230233410
20230233411
20230233412
20230233413
20230233414
20230233415
20230233416
20230233417
20230233418
20230233419
20230233420
20230233421
20230233422
20230233423
20230233424
20230233425
20230233426
20230233427
20230233428
20230233429
20230233430
20230233431
20230233432
20230233433
20230233434
20230233435
20230233436
20230233437
20230233438
20230233439
20230233440
20230233441
20230233442
20230233443
20230233444
20230233445
20230233446
20230233447
20230233448
20230233449
20230233450
20230233451
20230233452
20230233453
20230233454
20230233455
20230233456
20230233457
20230233458
20230233459
20230233460
20230233461
20230233462
20230233463
20230233464
20230233465
20230233466
20230233467
20230233468
20230233469
20230233470
20230233471
20230233472
20230233473
20230233474
20230233475
20230233476
20230233477
20230233478
20230233479
20230233480
20230233481
20230233482
20230233483
20230233484
20230233485
20230233486
20230233487
20230233488
20230233489
20230233490
20230233491
20230233492
20230233493
20230233494
20230233495
20230233496
20230233497
20230233498
20230233499
20230233500
20230233501
20230233502
20230233503
20230233504
20230233505
20230233506
20230233507
20230233508
20230233509
20230233510
20230233511
20230233512
20230233513
20230233514
20230233515
20230233516
20230233517
20230233518
20230233519
20230233520
20230233521
20230233522
20230233523
20230233524
20230233525
20230233526
20230233527
20230233528
20230233529
20230233530
20230233531
20230233532
20230233533
20230233534
20230233535
20230233536
20230233537
20230233538
20230233539
20230233540
20230233541
20230233542
20230233543
20230233544
20230233545
20230233546
20230233547
20230233548
20230233549
20230233550
20230233551
20230233552
20230233553
20230233554
20230233555
20230233557
20230233558
20230233559
20230233560
20230233561
20230233562
20230233563
20230233564
20230233565
20230233566
20230233567
20230233568
20230233569
20230233570
20230233571
20230233572
20230233573
20230233574
20230233575
20230233576
20230233577
20230233578
20230233579
20230233580
20230233581
20230233582
20230233583
20230233584
20230233585
20230233586
20230233587
20230233588
20230233589
20230233590
20230233591
20230233592
20230233593
20230233594
20230233595
20230233596
20230233597
20230233598
20230233599
20230233600
20230233601
20230233602
20230233603
20230233604
20230233605
20230233606
20230233607
20230233608
20230233609
20230233610
20230233612
20230233613
20230233614
20230233615
20230233616
20230233617
20230233618
20230233619
20230233620
20230233621
20230233622
20230233624
20230233625
20230233626
20230233627
20230233628
20230233629
20230233630
20230233631
20230233632
20230233633
20230233634
20230233635
20230233636
20230233637
20230233638
20230233640
20230233641
20230233642
20230233643
20230233644
20230233645
20230233646
20230233647
20230233648
20230233649
20230233650
20230233651
20230233652
20230233654
20230233655
20230233656
20230233657
20230233658
20230233659
20230233660
20230233661
20230233662
20230233663
20230233664
20230233665
20230233666
20230233667
20230233668
20230233669
20230233670
20230233671
20230233672
20230233673
20230233674
20230233675
20230233676
20230233677
20230233678
20230233679
20230233680
20230233681
20230233682
20230233683
20230233684
20230233685
20230233686
20230233687
20230233688
20230233689
20230233690
20230233691
20230233692
20230233693
20230233694
20230233695
20230233696
20230233697
20230233698
20230233699
20230233700
20230233701
20230233702
20230233703
20230233704
20230233705
20230233706
20230233707
20230233708
20230233709
20230233710
20230233711
20230233712
20230233713
20230233714
20230233715
20230233716
20230233717
20230233718
20230233719
20230233720
20230233721
20230233722
20230233724
20230233725
20230233726
20230233727
20230233728
20230233729
20230233730
20230233731
20230233732
20230233733
20230233734
20230233735
20230233736
20230233737
20230233738
20230233739
20230233740
20230233741
20230233742
20230233743
20230233744
20230233745
20230233746
20230233747
20230233748
20230233749
20230233750
20230233751
20230233752
20230233753
20230233754
20230233755
20230233756
20230233757
20230233758
20230233759
20230233760
20230233761
20230233762
20230233763
20230233764
20230233765
20230233766
20230233767
20230233768
20230233769
20230233770
20230233771
20230233772
20230233773
20230233774
20230233775
20230233776
20230233777
20230233778
20230233779
20230233780
20230233781
20230233782
20230233783
20230233784
20230233785
20230233786
20230233787
20230233788
20230233789
20230233790
20230233791
20230233792
20230233793
20230233794
20230233795
20230233796
20230233797
20230233798
20230233799
20230233800
20230233801
20230233802
20230233803
20230233804
20230233805
20230233806
20230233807
20230233808
20230233809
20230233810
20230233811
20230233812
20230233813
20230233814
20230233815
20230233816
20230233817
20230233818
20230233819
20230233820
20230233821
20230233822
20230233823
20230233824
20230233825
20230233826
20230233827
20230233828
20230233829
20230233830
20230233831
20230233832
20230233833
20230233834
20230233835
20230233836
20230233837
20230233838
20230233839
20230233840
20230233841
20230233842
20230233843
20230233844
20230233845
20230233846
20230233847
20230233848
20230233849
20230233850
20230233851
20230233852
20230233853
20230233854
20230233855
20230233856
20230233857
20230233858
20230233859
20230233860
20230233861
20230233862
20230233863
20230233864
20230233865
20230233866
20230233867
20230233868
20230233869
20230233870
20230233871
20230233872
20230233873
20230233874
20230233875
20230233876
20230233877
20230233878
20230233879
20230233880
20230233881
20230233882
20230233883
20230233884
20230233885
20230233886
20230233887
20230233888
20230233889
20230233890
20230233891
20230233892
20230233893
20230233894
20230233895
20230233896
20230233897
20230233898
20230233899
20230233900
20230233901
20230233902
20230233903
20230233904
20230233905
20230233906
20230233907
20230233908
20230233909
20230233910
20230233911
20230233912
20230233913
20230233914
20230233915
20230233916
20230233917
20230233918
20230233919
20230233920
20230233921
20230233922
20230233923
20230233924
20230233925
20230233926
20230233927
20230233928
20230233929
20230233930
20230233931
20230233932
20230233933
20230233934
20230233935
20230233936
20230233937
20230233938
20230233939
20230233940
20230233941
20230233942
20230233943
20230233944
20230233945
20230233946
20230233947
20230233948
20230233949
20230233950
20230233951
20230233952
20230233953
20230233954
20230233955
20230233956
20230233957
20230233958
20230233959
20230233960
20230233961
20230233962
20230233963
20230233964
20230233965
20230233966
20230233967
20230233968
20230233969
20230233970
20230233971
20230233972
20230233973
20230233974
20230233975
20230233976
20230233977
20230233978
20230233979
20230233980
20230233981
20230233982
20230233983
20230233984
20230233985
20230233986
20230233987
20230233988
20230233989
20230233990
20230233991
20230233992
20230233993
20230233994
20230233995
20230233996
20230233997
20230233998
20230233999
20230234000
20230234001
20230234002
20230234003
20230234004
20230234005
20230234006
20230234007
20230234008
20230234009
20230234010
20230234011
20230234012
20230234013
20230234014
20230234015
20230234016
20230234017
20230234018
20230234019
20230234020
20230234021
20230234022
20230234023
20230234024
20230234025
20230234026
20230234027
20230234028
20230234029
20230234030
20230234031
20230234032
20230234033
20230234034
20230234035
20230234036
20230234037
20230234038
20230234039
20230234040
20230234041
20230234042
20230234043
20230234044
20230234045
20230234046
20230234047
20230234048
20230234049
20230234050
20230234051
20230234052
20230234053
20230234054
20230234055
20230234056
20230234057
20230234058
20230234059
20230234060
20230234061
20230234062
20230234063
20230234064
20230234065
20230234066
20230234067
20230234068
20230234069
20230234070
20230234071
20230234072
20230234073
20230234074
20230234075
20230234076
20230234077
20230234078
20230234079
20230234080
20230234081
20230234082
20230234083
20230234084
20230234085
20230234086
20230234087
20230234088
20230234089
20230234090
20230234091
20230234092
20230234093
20230234094
20230234095
20230234096
20230234097
20230234098
20230234099
20230234100
20230234101
20230234102
20230234103
20230234104
20230234105
20230234106
20230234107
20230234108
20230234109
20230234110
20230234111
20230234112
20230234113
20230234114
20230234115
20230234116
20230234117
20230234118
20230234119
20230234120
20230234121
20230234122
20230234123
20230234124
20230234125
20230234126
20230234127
20230234128
20230234129
20230234130
20230234131
20230234132
20230234133
20230234134
20230234135
20230234136
20230234137
20230234138
20230234139
20230234140
20230234141
20230234142
20230234143
20230234144
20230234145
20230234146
20230234147
20230234148
20230234149
20230234150
20230234151
20230234152
20230234153
20230234154
20230234155
20230234156
20230234157
20230234158
20230234159
20230234160
20230234161
20230234162
20230234163
20230234164
20230234165
20230234166
20230234167
20230234168
20230234169
20230234170
20230234171
20230234172
20230234173
20230234174
20230234175
20230234176
20230234177
20230234178
20230234179
20230234180
20230234181
20230234182
20230234183
20230234184
20230234185
20230234187
20230234188
20230234189
20230234190
20230234191
20230234192
20230234193
20230234194
20230234195
20230234196
20230234197
20230234198
20230234199
20230234200
20230234201
20230234202
20230234203
20230234204
20230234205
20230234206
20230234207
20230234208
20230234209
20230234210
20230234211
20230234212
20230234213
20230234214
20230234215
20230234216
20230234217
20230234218
20230234219
20230234220
20230234221
20230234222
20230234223
20230234224
20230234225
20230234226
20230234227
20230234228
20230234229
20230234230
20230234231
20230234232
20230234233
20230234234
20230234235
20230234236
20230234237
20230234238
20230234239
20230234240
20230234241
20230234242
20230234243
20230234244
20230234245
20230234246
20230234247
20230234248
20230234249
20230234250
20230234251
20230234252
20230234253
20230234254
20230234255
20230234256
20230234257
20230234258
20230234259
20230234260
20230234261
20230234262
20230234263
20230234264
20230234265
20230234266
20230234267
20230234268
20230234269
20230234270
20230234271
20230234272
20230234273
20230234274
20230234275
20230234276
20230234277
20230234278
20230234279
20230234280
20230234281
20230234282
20230234283
20230234284
20230234285
20230234286
20230234287
20230234288
20230234289
20230234290
20230234291
20230234292
20230234293
20230234294
20230234295
20230234296
20230234297
20230234298
20230234299
20230234300
20230234301
20230234302
20230234303
20230234304
20230234305
20230234306
20230234307
20230234308
20230234309
20230234310
20230234311
20230234312
20230234313
20230234314
20230234315
20230234316
20230234317
20230234318
20230234319
20230234320
20230234321
20230234322
20230234323
20230234324
20230234325
20230234326
20230234327
20230234328
20230234329
20230234330
20230234331
20230234332
20230234333
20230234334
20230234335
20230234336
20230234337
20230234338
20230234339
20230234340
20230234341
20230234342
20230234343
20230234344
20230234345
20230234346
20230234347
20230234348
20230234349
20230234350
20230234351
20230234352
20230234353
20230234354
20230234355
20230234356
20230234357
20230234358
20230234359
20230234360
20230234361
20230234362
20230234363
20230234364
20230234365
20230234366
20230234367
20230234368
20230234369
20230234370
20230234371
20230234372
20230234373
20230234374
20230234375
20230234376
20230234377
20230234378
20230234379
20230234380
20230234381
20230234382
20230234383
20230234384
20230234385
20230234386
20230234387
20230234388
20230234389
20230234390
20230234391
20230234392
20230234393
20230234394
20230234395
20230234396
20230234397
20230234398
20230234399
20230234400
20230234401
20230234402
20230234403
20230234404
20230234405
20230234406
20230234407
20230234408
20230234409
20230234410
20230234411
20230234412
20230234413
20230234414
20230234415
20230234416
20230234417
20230234418
20230234419
20230234420
20230234421
20230234422
20230234423
20230234424
20230234425
20230234426
20230234427
20230234428
20230234429
20230234430
20230234431
20230234432
20230234433
20230234434
20230234435
20230234436
20230234437
20230234438
20230234439
20230234440
20230234441
20230234442
20230234443
20230234444
20230234445
20230234446
20230234447
20230234448
20230234449
20230234450
20230234451
20230234452
20230234453
20230234454
20230234455
20230234456
20230234457
20230234458
20230234459
20230234460
20230234461
20230234462
20230234463
20230234464
20230234465
20230234466
20230234467
20230234468
20230234469
20230234470
20230234471
20230234472
20230234473
20230234474
20230234475
20230234476
20230234477
20230234478
20230234479
20230234480
20230234481
20230234482
20230234483
20230234484
20230234485
20230234486
20230234487
20230234488
20230234489
20230234490
20230234491
20230234492
20230234493
20230234494
20230234495
20230234496
20230234497
20230234498
20230234499
20230234500
20230234501
20230234502
20230234503
20230234504
20230234505
20230234506
20230234507
20230234508
20230234509
20230234510
20230234511
20230234512
20230234513
20230234514
20230234515
20230234516
20230234517
20230234518
20230234519
20230234520
20230234521
20230234522
20230234523
20230234524
20230234525
20230234526
20230234527
20230234528
20230234529
20230234530
20230234531
20230234532
20230234533
20230234534
20230234535
20230234536
20230234537
20230234538
20230234539
20230234540
20230234541
20230234542
20230234543
20230234544
20230234545
20230234546
20230234547
20230234548
20230234549
20230234550
20230234551
20230234552
20230234553
20230234554
20230234555
20230234556
20230234557
20230234558
20230234559
20230234560
20230234561
20230234562
20230234563
20230234564
20230234565
20230234566
20230234567
20230234568
20230234569
20230234570
20230234571
20230234572
20230234573
20230234574
20230234575
20230234576
20230234577
20230234578
20230234579
20230234580
20230234581
20230234582
20230234583
20230234584
20230234585
20230234586
20230234587
20230234588
20230234589
20230234590
20230234591
20230234592
20230234593
20230234594
20230234595
20230234596
20230234597
20230234598
20230234599
20230234600
20230234602
20230234603
20230234604
20230234605
20230234606
20230234607
20230234608
20230234609
20230234610
20230234611
20230234612
20230234613
20230234614
20230234615
20230234616
20230234617
20230234618
20230234619
20230234620
20230234621
20230234622
20230234623
20230234624
20230234625
20230234626
20230234627
20230234628
20230234629
20230234630
20230234631
20230234632
20230234633
20230234634
20230234635
20230234636
20230234637
20230234638
20230234639
20230234640
20230234641
20230234642
20230234643
20230234644
20230234645
20230234646
20230234647
20230234648
20230234649
20230234650
20230234651
20230234652
20230234653
20230234654
20230234655
20230234656
20230234657
20230234658
20230234659
20230234660
20230234661
20230234662
20230234663
20230234664
20230234665
20230234666
20230234667
20230234668
20230234669
20230234670
20230234671
20230234672
20230234673
20230234674
20230234675
20230234676
20230234677
20230234678
20230234679
20230234680
20230234681
20230234682
20230234683
20230234684
20230234685
20230234686
20230234687
20230234688
20230234689
20230234690
20230234691
20230234692
20230234693
20230234694
20230234695
20230234696
20230234697
20230234698
20230234699
20230234700
20230234701
20230234702
20230234703
20230234704
20230234705
20230234706
20230234707
20230234708
20230234709
20230234710
20230234711
20230234712
20230234713
20230234714
20230234715
20230234716
20230234717
20230234718
20230234719
20230234720
20230234721
20230234722
20230234723
20230234724
20230234725
20230234726
20230234727
20230234728
20230234729
20230234730
20230234731
20230234732
20230234733
20230234734
20230234735
20230234736
20230234737
20230234738
20230234739
20230234740
20230234741
20230234742
20230234743
20230234744
20230234745
20230234746
20230234747
20230234748
20230234749
20230234750
20230234751
20230234752
20230234753
20230234754
20230234755
20230234756
20230234757
20230234758
20230234759
20230234760
20230234761
20230234762
20230234763
20230234764
20230234765
20230234766
20230234767
20230234768
20230234769
20230234770
20230234771
20230234772
20230234773
20230234774
20230234775
20230234776
20230234777
20230234778
20230234779
20230234780
20230234781
20230234782
20230234783
20230234784
20230234785
20230234786
20230234787
20230234788
20230234789
20230234790
20230234791
20230234792
20230234793
20230234794
20230234795
20230234796
20230234797
20230234798
20230234799
20230234800
20230234801
20230234802
20230234803
20230234804
20230234805
20230234806
20230234807
20230234808
20230234809
20230234810
20230234811
20230234812
20230234813
20230234814
20230234815
20230234816
20230234817
20230234818
20230234819
20230234820
20230234821
20230234822
20230234823
20230234824
20230234825
20230234826
20230234827
20230234828
20230234829
20230234830
20230234831
20230234832
20230234833
20230234834
20230234835
20230234836
20230234837
20230234838
20230234839
20230234840
20230234841
20230234842
20230234843
20230234844
20230234845
20230234846
20230234847
20230234848
20230234849
20230234850
20230234851
20230234852
20230234853
20230234854
20230234855
20230234856
20230234857
20230234858
20230234859
20230234860
20230234861
20230234862
20230234863
20230234864
20230234865
20230234866
20230234867
20230234868
20230234869
20230234870
20230234871
20230234872
20230234873
20230234874
20230234875
20230234876
20230234877
20230234878
20230234879
20230234880
20230234881
20230234882
20230234883
20230234884
20230234885
20230234886
20230234887
20230234888
20230234889
20230234890
20230234891
20230234892
20230234893
20230234894
20230234895
20230234896
20230234897
20230234898
20230234899
20230234900
20230234901
20230234902
20230234903
20230234904
20230234905
20230234906
20230234907
20230234908
20230234909
20230234910
20230234911
20230234912
20230234913
20230234914
20230234915
20230234916
20230234917
20230234918
20230234919
20230234920
20230234921
20230234922
20230234923
20230234924
20230234925
20230234926
20230234927
20230234928
20230234929
20230234930
20230234931
20230234932
20230234933
20230234934
20230234935
20230234936
20230234937
20230234938
20230234939
20230234940
20230234941
20230234942
20230234943
20230234944
20230234945
20230234946
20230234947
20230234948
20230234949
20230234950
20230234951
20230234952
20230234953
20230234954
20230234955
20230234956
20230234957
20230234958
20230234959
20230234960
20230234961
20230234962
20230234963
20230234964
20230234965
20230234966
20230234967
20230234968
20230234969
20230234970
20230234971
20230234972
20230234973
20230234974
20230234975
20230234976
20230234977
20230234978
20230234979
20230234980
20230234981
20230234982
20230234983
20230234984
20230234985
20230234986
20230234987
20230234988
20230234989
20230234990
20230234991
20230234992
20230234993
20230234994
20230234995
20230234996
20230234997
20230234998
20230234999
20230235000
20230235001
20230235002
20230235003
20230235004
20230235005
20230235006
20230235007
20230235008
20230235009
20230235010
20230235011
20230235012
20230235013
20230235014
20230235015
20230235016
20230235017
20230235018
20230235019
20230235020
20230235021
20230235022
20230235023
20230235024
20230235025
20230235026
20230235027
20230235028
20230235029
20230235030
20230235031
20230235032
20230235033
20230235034
20230235035
20230235036
20230235037
20230235038
20230235039
20230235040
20230235041
20230235042
20230235043
20230235044
20230235046
20230235047
20230235048
20230235049
20230235050
20230235051
20230235052
20230235053
20230235054
20230235055
20230235056
20230235057
20230235058
20230235059
20230235060
20230235061
20230235062
20230235063
20230235064
20230235065
20230235066
20230235067
20230235068
20230235069
20230235070
20230235071
20230235072
20230235073
20230235074
20230235075
20230235076
20230235077
20230235078
20230235079
20230235080
20230235081
20230235082
20230235083
20230235084
20230235085
20230235086
20230235087
20230235088
20230235089
20230235090
20230235091
20230235092
20230235093
20230235094
20230235095
20230235096
20230235097
20230235098
20230235099
20230235100
20230235101
20230235102
20230235103
20230235104
20230235105
20230235106
20230235107
20230235108
20230235109
20230235110
20230235111
20230235112
20230235113
20230235114
20230235115
20230235116
20230235117
20230235118
20230235119
20230235120
20230235121
20230235122
20230235123
20230235125
20230235126
20230235127
20230235128
20230235129
20230235130
20230235131
20230235132
20230235133
20230235134
20230235135
20230235136
20230235137
20230235138
20230235139
20230235140
20230235141
20230235142
20230235143
20230235144
20230235145
20230235146
20230235147
20230235148
20230235149
20230235150
20230235151
20230235152
20230235153
20230235154
20230235155
20230235156
20230235157
20230235158
20230235159
20230235160
20230235161
20230235162
20230235163
20230235164
20230235165
20230235166
20230235167
20230235168
20230235169
20230235170
20230235171
20230235172
20230235173
20230235174
20230235175
20230235176
20230235177
20230235178
20230235179
20230235180
20230235181
20230235182
20230235183
20230235184
20230235185
20230235186
20230235187
20230235188
20230235189
20230235190
20230235191
20230235192
20230235193
20230235194
20230235195
20230235196
20230235197
20230235198
20230235199
20230235200
20230235201
20230235202
20230235203
20230235204
20230235205
20230235206
20230235207
20230235208
20230235209
20230235210
20230235211
20230235212
20230235213
20230235214
20230235215
20230235216
20230235217
20230235218
20230235219
20230235220
20230235221
20230235222
20230235223
20230235224
20230235225
20230235227
20230235228
20230235229
20230235230
20230235231
20230235232
20230235233
20230235234
20230235235
20230235236
20230235237
20230235238
20230235239
20230235240
20230235241
20230235242
20230235243
20230235244
20230235245
20230235246
20230235247
20230235248
20230235249
20230235250
20230235251
20230235252
20230235253
20230235254
20230235255
20230235256
20230235257
20230235258
20230235259
20230235260
20230235261
20230235262
20230235263
20230235264
20230235265
20230235266
20230235267
20230235268
20230235269
20230235270
20230235271
20230235272
20230235273
20230235274
20230235275
20230235276
20230235277
20230235278
20230235279
20230235280
20230235281
20230235282
20230235283
20230235284
20230235285
20230235286
20230235287
20230235288
20230235289
20230235290
20230235291
20230235292
20230235293
20230235294
20230235295
20230235296
20230235297
20230235298
20230235299
20230235300
20230235301
20230235302
20230235303
20230235304
20230235305
20230235306
20230235307
20230235308
20230235309
20230235310
20230235311
20230235312
20230235313
20230235314
20230235315
20230235316
20230235317
20230235318
20230235319
20230235320
20230235321
20230235322
20230235323
20230235324
20230235325
20230235326
20230235327
20230235328
20230235329
20230235330
20230235331
20230235332
20230235333
20230235334
20230235335
20230235336
20230235337
20230235338
20230235339
20230235340
20230235341
20230235342
20230235343
20230235344
20230235345
20230235346
20230235347
20230235348
20230235349
20230235350
20230235351
20230235352
20230235353
20230235354
20230235355
20230235356
20230235357
20230235358
20230235359
20230235360
20230235361
20230235362
20230235363
20230235364
20230235365
20230235366
20230235367
20230235368
20230235369
20230235370
20230235371
20230235372
20230235373
20230235374
20230235375
20230235376
20230235377
20230235378
20230235379
20230235380
20230235381
20230235382
20230235383
20230235384
20230235385
20230235386
20230235387
20230235388
20230235389
20230235390
20230235391
20230235392
20230235393
20230235394
20230235395
20230235396
20230235397
20230235398
20230235399
20230235400
20230235401
20230235402
20230235403
20230235404
20230235405
20230235406
20230235407
20230235408
20230235409
20230235410
20230235411
20230235412
20230235413
20230235414
20230235415
20230235416
20230235417
20230235418
20230235419
20230235420
20230235421
20230235422
20230235423
20230235424
20230235425
20230235426
20230235427
20230235428
20230235429
20230235430
20230235431
20230235432
20230235433
20230235434
20230235435
20230235436
20230235437
20230235438
20230235439
20230235440
20230235441
20230235442
20230235443
20230235444
20230235445
20230235446
20230235447
20230235448
20230235449
20230235450
20230235451
20230235452
20230235453
20230235454
20230235455
20230235456
20230235457
20230235458
20230235459
20230235460
20230235461
20230235462
20230235463
20230235464
20230235465
20230235466
20230235467
20230235468
20230235469
20230235470
20230235471
20230235472
20230235473
20230235474
20230235475
20230235476
20230235477
20230235478
20230235479
20230235480
20230235481
20230235482
20230235483
20230235484
20230235485
20230235486
20230235487
20230235488
20230235489
20230235490
20230235491
20230235492
20230235493
20230235494
20230235495
20230235496
20230235497
20230235498
20230235499
20230235500
20230235501
20230235502
20230235503
20230235504
20230235505
20230235506
20230235507
20230235508
20230235509
20230235510
20230235511
20230235512
20230235513
20230235514
20230235515
20230235516
20230235517
20230235518
20230235519
20230235520
20230235521
20230235522
20230235523
20230235524
20230235525
20230235526
20230235527
20230235528
20230235529
20230235530
20230235531
20230235532
20230235533
20230235534
20230235535
20230235536
20230235537
20230235538
20230235539
20230235540
20230235541
20230235542
20230235543
20230235544
20230235545
20230235546
20230235547
20230235548
20230235549
20230235550
20230235551
20230235552
20230235553
20230235554
20230235555
20230235556
20230235557
20230235558
20230235559
20230235560
20230235561
20230235562
20230235563
20230235564
20230235565
20230235566
20230235567
20230235568
20230235569
20230235570
20230235571
20230235572
20230235573
20230235574
20230235575
20230235576
20230235577
20230235578
20230235579
20230235580
20230235581
20230235582
20230235583
20230235584
20230235585
20230235586
20230235587
20230235588
20230235589
20230235590
20230235591
20230235592
20230235593
20230235594
20230235595
20230235596
20230235597
20230235598
20230235599
20230235600
20230235601
20230235602
20230235603
20230235604
20230235605
20230235606
20230235607
20230235608
20230235609
20230235610
20230235611
20230235612
20230235613
20230235614
20230235615
20230235616
20230235617
20230235618
20230235619
20230235620
20230235621
20230235622
20230235623
20230235624
20230235625
20230235626
20230235627
20230235628
20230235629
20230235630
20230235631
20230235632
20230235633
20230235634
20230235635
20230235636
20230235637
20230235638
20230235639
20230235640
20230235641
20230235642
20230235643
20230235644
20230235645
20230235646
20230235647
20230235648
20230235649
20230235650
20230235651
20230235652
20230235653
20230235654
20230235655
20230235656
20230235657
20230235658
20230235659
20230235660
20230235661
20230235662
20230235663
20230235664
20230235665
20230235666
20230235667
20230235668
20230235669
20230235670
20230235671
20230235672
20230235673
20230235674
20230235675
20230235676
20230235677
20230235678
20230235679
20230235680
20230235681
20230235682
20230235683
20230235684
20230235685
20230235686
20230235687
20230235688
20230235689
20230235690
20230235691
20230235692
20230235693
20230235694
20230235695
20230235696
20230235697
20230235698
20230235699
20230235700
20230235701
20230235702
20230235703
20230235704
20230235705
20230235706
20230235707
20230235708
20230235709
20230235710
20230235711
20230235712
20230235713
20230235714
20230235715
20230235716
20230235717
20230235718
20230235719
20230235720
20230235721
20230235722
20230235723
20230235724
20230235725
20230235726
20230235727
20230235728
20230235729
20230235730
20230235731
20230235732
20230235733
20230235734
20230235735
20230235736
20230235737
20230235738
20230235739
20230235740
20230235741
20230235742
20230235743
20230235744
20230235745
20230235746
20230235747
20230235748
20230235749
20230235750
20230235751
20230235752
20230235753
20230235754
20230235755
20230235756
20230235757
20230235758
20230235759
20230235760
20230235761
20230235762
20230235763
20230235764
20230235765
20230235766
20230235767
20230235768
20230235769
20230235770
20230235771
20230235772
20230235773
20230235774
20230235775
20230235776
20230235777
20230235778
20230235779
20230235780
20230235781
20230235782
20230235783
20230235784
20230235785
20230235786
20230235787
20230235788
20230235789
20230235790
20230235791
20230235792
20230235793
20230235795
20230235796
20230235797
20230235798
20230235799
20230235800
20230235801
20230235802
20230235803
20230235804
20230235805
20230235806
20230235807
20230235808
20230235809
20230235810
20230235811
20230235812
20230235813
20230235814
20230235815
20230235816
20230235817
20230235818
20230235819
20230235820
20230235821
20230235822
20230235823
20230235824
20230235825
20230235826
20230235827
20230235828
20230235829
20230235830
20230235831
20230235832
20230235833
20230235834
20230235835
20230235836
20230235837
20230235838
20230235839
20230235840
20230235841
20230235842
20230235843
20230235844
20230235845
20230235846
20230235847
20230235848
20230235849
20230235850
20230235851
20230235852
20230235853
20230235854
20230235855
20230235856
20230235857
20230235858
20230235859
20230235860
20230235861
20230235862
20230235863
20230235864
20230235865
20230235866
20230235867
20230235868
20230235869
20230235870
20230235871
20230235872
20230235873
20230235874
20230235875
20230235876
20230235877
20230235878
20230235879
20230235880
20230235881
20230235882
20230235883
20230235884
20230235885
20230235886
20230235887
20230235888
20230235889
20230235890
20230235891
20230235892
20230235893
20230235894
20230235895
20230235896
20230235897
20230235898
20230235899
20230235900
20230235901
20230235902
20230235903
20230235904
20230235905
20230235906
20230235907
20230235908
20230235909
20230235910
20230235911
20230235912
20230235913
20230235914
20230235915
20230235916
20230235917
20230235918
20230235919
20230235920
20230235921
20230235922
20230235923
20230235924
20230235925
20230235926
20230235927
20230235928
20230235929
20230235930
20230235931
20230235932
20230235933
20230235934
20230235935
20230235936
20230235937
20230235938
20230235939
20230235940
20230235941
20230235942
20230235943
20230235944
20230235945
20230235946
20230235947
20230235948
20230235949
20230235950
20230235951
20230235952
20230235953
20230235954
20230235955
20230235956
20230235957
20230235958
20230235959
20230235960
20230235961
20230235962
20230235963
20230235964
20230235965
20230235966
20230235967
20230235968
20230235969
20230235970
20230235971
20230235972
20230235973
20230235974
20230235975
20230235976
20230235977
20230235978
20230235979
20230235980
20230235981
20230235982
20230235983
20230235984
20230235985
20230235986
20230235987
20230235988
20230235989
20230235990
20230235991
20230235992
20230235993
20230235994
20230235995
20230235996
20230235997
20230235998
20230235999
20230236000
20230236001
20230236002
20230236003
20230236004
20230236005
20230236006
20230236007
20230236008
20230236009
20230236010
20230236011
20230236012
20230236013
20230236014
20230236015
20230236016
20230236017
20230236018
20230236019
20230236020
20230236021
20230236022
20230236023
20230236024
20230236025
20230236026
20230236027
20230236028
20230236029
20230236030
20230236031
20230236032
20230236033
20230236034
20230236035
20230236036
20230236037
20230236038
20230236039
20230236040
20230236041
20230236042
20230236043
20230236044
20230236045
20230236046
20230236047
20230236048
20230236049
20230236050
20230236051
20230236052
20230236053
20230236054
20230236055
20230236056
20230236057
20230236058
20230236059
20230236060
20230236061
20230236062
20230236063
20230236064
20230236065
20230236066
20230236067
20230236068
20230236069
20230236070
20230236071
20230236072
20230236073
20230236074
20230236075
20230236076
20230236077
20230236078
20230236079
20230236080
20230236081
20230236082
20230236083
20230236084
20230236085
20230236086
20230236087
20230236088
20230236089
20230236090
20230236091
20230236092
20230236093
20230236094
20230236095
20230236096
20230236097
20230236098
20230236099
20230236100
20230236101
20230236102
20230236103
20230236104
20230236105
20230236106
20230236107
20230236108
20230236109
20230236110
20230236111
20230236112
20230236113
20230236114
20230236115
20230236116
20230236117
20230236118
20230236119
20230236120
20230236121
20230236122
20230236123
20230236124
20230236125
20230236126
20230236127
20230236128
20230236129
20230236130
20230236131
20230236132
20230236133
20230236134
20230236135
20230236136
20230236137
20230236138
20230236139
20230236140
20230236141
20230236142
20230236143
20230236144
20230236145
20230236146
20230236147
20230236148
20230236149
20230236150
20230236151
20230236152
20230236153
20230236154
20230236155
20230236156
20230236157
20230236158
20230236159
20230236160
20230236161
20230236162
20230236163
20230236164
20230236165
20230236166
20230236167
20230236168
20230236169
20230236170
20230236171
20230236172
20230236173
20230236174
20230236175
20230236176
20230236177
20230236178
20230236179
20230236180
20230236181
20230236182
20230236183
20230236184
20230236185
20230236186
20230236187
20230236188
20230236189
20230236190
20230236191
20230236192
20230236193
20230236194
20230236195
20230236196
20230236197
20230236198
20230236199
20230236200
20230236201
20230236202
20230236203
20230236204
20230236205
20230236206
20230236207
20230236208
20230236209
20230236210
20230236211
20230236212
20230236213
20230236214
20230236215
20230236216
20230236217
20230236218
20230236219
20230236220
20230236221
20230236222
20230236223
20230236224
20230236225
20230236226
20230236227
20230236228
20230236229
20230236230
20230236231
20230236232
20230236233
20230236234
20230236235
20230236236
20230236237
20230236238
20230236239
20230236240
20230236241
20230236242
20230236243
20230236244
20230236245
20230236246
20230236247
20230236248
20230236249
20230236250
20230236251
20230236252
20230236253
20230236254
20230236255
20230236256
20230236257
20230236258
20230236259
20230236260
20230236261
20230236262
20230236263
20230236264
20230236265
20230236266
20230236267
20230236268
20230236269
20230236270
20230236271
20230236272
20230236273
20230236274
20230236275
20230236276
20230236277
20230236278
20230236279
20230236280
20230236281
20230236282
20230236283
20230236284
20230236285
20230236286
20230236288
20230236289
20230236290
20230236291
20230236292
20230236293
20230236294
20230236295
20230236296
20230236297
20230236298
20230236299
20230236300
20230236301
20230236302
20230236303
20230236304
20230236305
20230236306
20230236307
20230236308
20230236309
20230236310
20230236311
20230236312
20230236313
20230236314
20230236315
20230236316
20230236317
20230236318
20230236319
20230236320
20230236321
20230236322
20230236323
20230236324
20230236325
20230236326
20230236327
20230236328
20230236329
20230236330
20230236331
20230236332
20230236333
20230236334
20230236335
20230236336
20230236337
20230236338
20230236339
20230236340
20230236341
20230236342
20230236343
20230236344
20230236345
20230236346
20230236347
20230236348
20230236349
20230236350
20230236351
20230236352
20230236353
20230236354
20230236355
20230236356
20230236357
20230236358
20230236359
20230236360
20230236361
20230236362
20230236363
20230236364
20230236365
20230236366
20230236367
20230236368
20230236369
20230236370
20230236371
20230236372
20230236373
20230236374
20230236375
20230236376
20230236377
20230236378
20230236379
20230236380
20230236381
20230236382
20230236383
20230236384
20230236385
20230236386
20230236387
20230236388
20230236389
20230236390
20230236391
20230236392
20230236393
20230236394
20230236395
20230236396
20230236397
20230236398
20230236399
20230236400
20230236401
20230236402
20230236403
20230236404
20230236405
20230236406
20230236407
20230236408
20230236409
20230236410
20230236411
20230236412
20230236413
20230236414
20230236415
20230236416
20230236417
20230236418
20230236419
20230236420
20230236421
20230236422
20230236423
20230236424
20230236425
20230236426
20230236427
20230236428
20230236429
20230236430
20230236431
20230236432
20230236433
20230236434
20230236435
20230236436
20230236437
20230236438
20230236439
20230236440
20230236441
20230236442
20230236443
20230236444
20230236445
20230236446
20230236447
20230236448
20230236449
20230236450
20230236451
20230236452
20230236453
20230236454
20230236455
20230236456
20230236457
20230236458
20230236459
20230236460
20230236461
20230236462
20230236463
20230236464
20230236465
20230236466
20230236467
20230236468
20230236469
20230236470
20230236471
20230236472
20230236473
20230236474
20230236475
20230236476
20230236477
20230236478
20230236479
20230236480
20230236481
20230236482
20230236483
20230236484
20230236485
20230236486
20230236487
20230236488
20230236489
20230236490
20230236491
20230236492
20230236493
20230236494
20230236495
20230236496
20230236497
20230236498
20230236499
20230236500
20230236501
20230236502
20230236503
20230236504
20230236505
20230236506
20230236507
20230236508
20230236509
20230236510
20230236511
20230236512
20230236513
20230236514
20230236515
20230236516
20230236517
20230236518
20230236519
20230236520
20230236521
20230236522
20230236523
20230236524
20230236525
20230236526
20230236527
20230236528
20230236529
20230236530
20230236531
20230236532
20230236533
20230236534
20230236535
20230236536
20230236537
20230236538
20230236539
20230236540
20230236541
20230236542
20230236543
20230236544
20230236545
20230236546
20230236547
20230236548
20230236549
20230236550
20230236551
20230236552
20230236553
20230236554
20230236555
20230236556
20230236557
20230236558
20230236559
20230236560
20230236561
20230236562
20230236563
20230236564
20230236565
20230236566
20230236567
20230236568
20230236569
20230236570
20230236571
20230236572
20230236573
20230236574
20230236575
20230236576
20230236577
20230236578
20230236579
20230236580
20230236581
20230236582
20230236583
20230236584
20230236585
20230236586
20230236587
20230236588
20230236589
20230236590
20230236591
20230236592
20230236593
20230236594
20230236595
20230236596
20230236597
20230236598
20230236599
20230236600
20230236601
20230236602
20230236603
20230236604
20230236605
20230236606
20230236607
20230236608
20230236609
20230236610
20230236611
20230236612
20230236613
20230236614
20230236615
20230236616
20230236617
20230236618
20230236619
20230236620
20230236621
20230236622
20230236623
20230236624
20230236625
20230236626
20230236627
20230236628
20230236629
20230236630
20230236631
20230236632
20230236633
20230236634
20230236635
20230236636
20230236637
20230236638
20230236639
20230236640
20230236641
20230236642
20230236643
20230236644
20230236645
20230236646
20230236647
20230236648
20230236649
20230236650
20230236651
20230236652
20230236653
20230236654
20230236655
20230236656
20230236657
20230236658
20230236659
20230236660
20230236661
20230236662
20230236663
20230236664
20230236665
20230236666
20230236667
20230236668
20230236669
20230236670
20230236671
20230236672
20230236673
20230236674
20230236675
20230236676
20230236677
20230236678
20230236679
20230236680
20230236681
20230236682
20230236683
20230236684
20230236685
20230236686
20230236687
20230236688
20230236689
20230236690
20230236691
20230236692
20230236693
20230236694
20230236695
20230236696
20230236697
20230236698
20230236699
20230236700
20230236701
20230236702
20230236703
20230236704
20230236705
20230236706
20230236707
20230236708
20230236709
20230236710
20230236711
20230236712
20230236713
20230236714
20230236715
20230236716
20230236717
20230236718
20230236719
20230236720
20230236721
20230236722
20230236723
20230236724
20230236725
20230236726
20230236727
20230236728
20230236729
20230236730
20230236731
20230236732
20230236733
20230236734
20230236735
20230236736
20230236737
20230236738
20230236739
20230236740
20230236741
20230236742
20230236743
20230236744
20230236745
20230236746
20230236747
20230236748
20230236749
20230236750
20230236751
20230236752
20230236753
20230236754
20230236755
20230236756
20230236757
20230236758
20230236759
20230236760
20230236761
20230236762
20230236763
20230236764
20230236765
20230236766
20230236767
20230236768
20230236769
20230236770
20230236771
20230236772
20230236773
20230236774
20230236775
20230236776
20230236777
20230236778
20230236779
20230236780
20230236781
20230236782
20230236783
20230236784
20230236785
20230236786
20230236787
20230236788
20230236789
20230236790
20230236791
20230236792
20230236793
20230236794
20230236795
20230236796
20230236797
20230236798
20230236799
20230236800
20230236801
20230236802
20230236803
20230236804
20230236805
20230236806
20230236807
20230236808
20230236809
20230236810
20230236811
20230236812
20230236813
20230236814
20230236815
20230236816
20230236817
20230236818
20230236819
20230236820
20230236821
20230236822
20230236823
20230236824
20230236825
20230236826
20230236827
20230236828
20230236829
20230236830
20230236831
20230236832
20230236833
20230236834
20230236835
20230236836
20230236837
20230236838
20230236839
20230236840
20230236841
20230236842
20230236843
20230236844
20230236845
20230236846
20230236847
20230236848
20230236849
20230236850
20230236851
20230236852
20230236853
20230236854
20230236855
20230236856
20230236857
20230236858
20230236859
20230236860
20230236861
20230236862
20230236863
20230236864
20230236865
20230236866
20230236867
20230236868
20230236869
20230236870
20230236871
20230236872
20230236873
20230236874
20230236875
20230236876
20230236877
20230236878
20230236879
20230236880
20230236881
20230236882
20230236883
20230236884
20230236885
20230236886
20230236887
20230236888
20230236889
20230236890
20230236891
20230236892
20230236893
20230236894
20230236895
20230236896
20230236897
20230236898
20230236899
20230236900
20230236901
20230236902
20230236903
20230236904
20230236905
20230236906
20230236907
20230236908
20230236909
20230236910
20230236911
20230236912
20230236913
20230236914
20230236915
20230236916
20230236917
20230236918
20230236919
20230236920
20230236921
20230236922
20230236923
20230236924
20230236925
20230236926
20230236927
20230236928
20230236929
20230236930
20230236931
20230236932
20230236933
20230236934
20230236935
20230236936
20230236937
20230236938
20230236939
20230236940
20230236941
20230236942
20230236943
20230236944
20230236945
20230236946
20230236947
20230236948
20230236949
20230236950
20230236951
20230236952
20230236953
20230236954
20230236955
20230236956
20230236957
20230236958
20230236959
20230236960
20230236961
20230236962
20230236963
20230236964
20230236965
20230236966
20230236967
20230236968
20230236969
20230236970
20230236971
20230236972
20230236973
20230236974
20230236975
20230236976
20230236977
20230236978
20230236979
20230236980
20230236981
20230236982
20230236983
20230236984
20230236985
20230236986
20230236987
20230236988
20230236989
20230236990
20230236991
20230236992
20230236993
20230236994
20230236995
20230236996
20230236997
20230236998
20230236999
20230237000
20230237001
20230237002
20230237003
20230237004
20230237005
20230237006
20230237007
20230237008
20230237009
20230237010
20230237011
20230237012
20230237013
20230237014
20230237015
20230237016
20230237017
20230237018
20230237019
20230237020
20230237021
20230237022
20230237023
20230237024
20230237025
20230237026
20230237027
20230237028
20230237029
20230237030
20230237031
20230237032
20230237033
20230237034
20230237035
20230237036
20230237037
20230237038
20230237039
20230237040
20230237041
20230237042
20230237043
20230237044
20230237045
20230237046
20230237047
20230237048
20230237049
20230237050
20230237051
20230237052
20230237053
20230237054
20230237055
20230237056
20230237057
20230237058
20230237059
20230237060
20230237061
20230237062
20230237063
20230237064
20230237065
20230237066
20230237067
20230237068
20230237069
20230237070
20230237071
20230237072
20230237073
20230237074
20230237075
20230237076
20230237077
20230237078
20230237079
20230237080
20230237081
20230237082
20230237083
20230237084
20230237085
20230237086
20230237087
20230237088
20230237089
20230237090
20230237091
20230237092
20230237093
20230237094
20230237095
20230237096
20230237097
20230237098
20230237099
20230237100
20230237101
20230237102
20230237103
20230237104
20230237105
20230237106
20230237107
20230237108
20230237109
20230237110
20230237111
20230237112
20230237113
20230237114
20230237115
20230237116
20230237117
20230237118
20230237119
20230237120
20230237121
20230237122
20230237123
20230237124
20230237125
20230237126
20230237127
20230237128
20230237129
20230237130
20230237131
20230237132
20230237133
20230237134
20230237135
20230237136
20230237137
20230237138
20230237139
20230237140
20230237141
20230237142
20230237143
20230237144
20230237145
20230237146
20230237147
20230237148
20230237149
20230237150
20230237151
20230237152
20230237153
20230237154
20230237155
20230237156
20230237157
20230237158
20230237159
20230237160
20230237161
20230237162
20230237163
20230237164
20230237165
20230237166
20230237167
20230237168
20230237169
20230237170
20230237171
20230237172
20230237173
20230237174
20230237175
20230237176
20230237177
20230237178
20230237179
20230237180
20230237181
20230237182
20230237183
20230237184
20230237185
20230237186
20230237187
20230237188
20230237189
20230237190
20230237191
20230237192
20230237193
20230237194
20230237195
20230237196
20230237197
20230237198
20230237199
20230237200
20230237201
20230237202
20230237203
20230237204
20230237205
20230237206
20230237207
20230237208
20230237209
20230237210
20230237211
20230237212
20230237213
20230237214
20230237215
20230237216
20230237217
20230237218
20230237219
20230237220
20230237221
20230237222
20230237223
20230237224
20230237225
20230237226
20230237227
20230237228
20230237229
20230237230
20230237231
20230237232
20230237233
20230237234
20230237235
20230237236
20230237237
20230237238
20230237239
20230237240
20230237241
20230237242
20230237243
20230237244
20230237245
20230237246
20230237247
20230237248
20230237249
20230237250
20230237251
20230237252
20230237253
20230237254
20230237255
20230237256
20230237257
20230237258
20230237259
20230237260
20230237261
20230237262
20230237263
20230237264
20230237265
20230237266
20230237267
20230237268
20230237269
20230237270
20230237271
20230237272
20230237273
20230237274
20230237275
20230237276
20230237277
20230237278
20230237279
20230237280
20230237281
20230237282
20230237283
20230237284
20230237285
20230237286
20230237287
20230237288
20230237289
20230237290
20230237291
20230237292
20230237293
20230237294
20230237295
20230237296
20230237297
20230237298
20230237299
20230237300
20230237301
20230237302
20230237303
20230237304
20230237305
20230237306
20230237307
20230237308
20230237309
20230237310
20230237311
20230237312
20230237313
20230237314
20230237315
20230237316
20230237317
20230237318
20230237319
20230237320
20230237321
20230237322
20230237323
20230237324
20230237325
20230237326
20230237327
20230237328
20230237329
20230237330
20230237331
20230237332
20230237333
20230237334
20230237335
20230237336
20230237337
20230237338
20230237339
20230237340
20230237341
20230237342
20230237343
20230237344
20230237345
20230237346
20230237347
20230237348
20230237349
20230237350
20230237351
20230237352
20230237353
20230237354
20230237355
20230237356
20230237358
20230237359
20230237360
20230237361
20230237362
20230237363
20230237364
20230237365
20230237366
20230237367
20230237368
20230237369
20230237370
20230237371
20230237372
20230237373
20230237374
20230237375
20230237376
20230237377
20230237378
20230237379
20230237380
20230237381
20230237383
20230237384
20230237385
20230237386
20230237387
20230237388
20230237389
20230237390
20230237391
20230237392
20230237393
20230237394
20230237395
20230237396
20230237397
20230237398
20230237399
20230237400
20230237401
20230237402
20230237403
20230237404
20230237405
20230237406
20230237407
20230237408
20230237409
20230237410
20230237411
20230237412
20230237413
20230237414
20230237415
20230237416
20230237417
20230237418
20230237419
20230237420
20230237421
20230237422
20230237423
20230237424
20230237425
20230237426
20230237427
20230237428
20230237429
20230237430
20230237431
20230237432
20230237433
20230237434
20230237435
20230237436
20230237437
20230237438
20230237439
20230237440
20230237441
20230237442
20230237443
20230237444
20230237445
20230237446
20230237447
20230237448
20230237449
20230237450
20230237451
20230237452
20230237453
20230237454
20230237455
20230237456
20230237457
20230237458
20230237459
20230237460
20230237461
20230237462
20230237463
20230237464
20230237465
20230237466
20230237467
20230237468
20230237469
20230237470
20230237471
20230237472
20230237473
20230237474
20230237475
20230237476
20230237477
20230237478
20230237479
20230237480
20230237481
20230237482
20230237483
20230237484
20230237485
20230237486
20230237487
20230237488
20230237489
20230237490
20230237491
20230237492
20230237493
20230237494
20230237495
20230237496
20230237497
20230237498
20230237499
20230237500
20230237501
20230237502
20230237503
20230237504
20230237505
20230237506
20230237507
20230237508
20230237509
20230237510
20230237511
20230237512
20230237513
20230237514
20230237515
20230237516
20230237517
20230237518
20230237519
20230237520
20230237521
20230237522
20230237523
20230237524
20230237525
20230237526
20230237527
20230237528
20230237529
20230237530
20230237531
20230237532
20230237533
20230237534
20230237535
20230237536
20230237537
20230237538
20230237539
20230237540
20230237541
20230237542
20230237543
20230237544
20230237545
20230237546
20230237547
20230237548
20230237549
20230237550
20230237551
20230237552
20230237553
20230237554
20230237555
20230237556
20230237557
20230237558
20230237559
20230237560
20230237561
20230237562
20230237563
20230237564
20230237565
20230237566
20230237567
20230237568
20230237569
20230237570
20230237571
20230237572
20230237573
20230237574
20230237575
20230237576
20230237577
20230237578
20230237579
20230237580
20230237581
20230237582
20230237583
20230237584
20230237585
20230237586
20230237587
20230237588
20230237589
20230237590
20230237591
20230237592
20230237593
20230237594
20230237595
20230237596
20230237597
20230237598
20230237599
20230237600
20230237601
20230237602
20230237603
20230237604
20230237605
20230237606
20230237607
20230237608
20230237609
20230237610
20230237611
20230237612
20230237613
20230237614
20230237615
20230237616
20230237617
20230237618
20230237619
20230237620
20230237621
20230237622
20230237623
20230237624
20230237625
20230237626
20230237627
20230237628
20230237629
20230237630
20230237631
20230237632
20230237633
20230237634
20230237635
20230237636
20230237637
20230237638
20230237639
20230237640
20230237641
20230237642
20230237643
20230237644
20230237645
20230237646
20230237647
20230237648
20230237649
20230237650
20230237651
20230237652
20230237653
20230237654
20230237655
20230237656
20230237657
20230237658
20230237659
20230237660
20230237661
20230237662
20230237663
20230237664
20230237665
20230237666
20230237667
20230237668
20230237669
20230237670
20230237671
20230237672
20230237673
20230237674
20230237675
20230237676
20230237677
20230237678
20230237679
20230237680
20230237681
20230237682
20230237683
20230237684
20230237685
20230237686
20230237687
20230237688
20230237689
20230237690
20230237691
20230237692
20230237693
20230237694
20230237695
20230237696
20230237697
20230237698
20230237699
20230237700
20230237701
20230237702
20230237703
20230237704
20230237705
20230237706
20230237707
20230237708
20230237709
20230237710
20230237711
20230237712
20230237713
20230237714
20230237715
20230237716
20230237717
20230237718
20230237719
20230237720
20230237721
20230237722
20230237723
20230237724
20230237725
20230237726
20230237727
20230237728
20230237729
20230237730
20230237731
20230237732
20230237733
20230237734
20230237735
20230237736
20230237737
20230237738
20230237739
20230237740
20230237741
20230237742
20230237743
20230237744
20230237745
20230237746
20230237747
20230237748
20230237749
20230237750
20230237751
20230237752
20230237753
20230237754
20230237755
20230237756
20230237757
20230237758
20230237759
20230237760
20230237761
20230237762
20230237763
20230237764
20230237765
20230237766
20230237767
20230237768
20230237769
20230237770
20230237771
20230237772
20230237773
20230237774
20230237775
20230237776
20230237777
20230237778
20230237779
20230237780
20230237781
20230237782
20230237783
20230237784
20230237785
20230237786
20230237787
20230237788
20230237789
20230237790
20230237791
20230237792
20230237793
20230237794
20230237795
20230237796
20230237797
20230237798
20230237799
20230237800
20230237801
20230237802
20230237803
20230237804
20230237805
20230237806
20230237807
20230237808
20230237809
20230237810
20230237811
20230237812
20230237813
20230237814
20230237815
20230237816
20230237817
20230237818
20230237819
20230237820
20230237821
20230237822
20230237823
20230237824
20230237825
20230237826
20230237827
20230237828
20230237829
20230237830
20230237831
20230237832
20230237833
20230237834
20230237835
20230237836
20230237837
20230237838
20230237839
20230237840
20230237841
20230237842
20230237843
20230237844
20230237845
20230237846
20230237847
20230237848
20230237849
20230237850
20230237851
20230237852
20230237853
20230237854
20230237855
20230237856
20230237857
20230237858
20230237859
20230237860
20230237861
20230237862
20230237864
20230237865
20230237866
20230237867
20230237868
20230237869
20230237870
20230237871
20230237872
20230237873
20230237874
20230237875
20230237876
20230237877
20230237878
20230237879
20230237880
20230237881
20230237882
20230237883
20230237884
20230237885
20230237886
20230237887
20230237888
20230237889
20230237890
20230237891
20230237892
20230237893
20230237894
20230237895
20230237896
20230237897
20230237898
20230237899
20230237900
20230237901
20230237902
20230237903
20230237904
20230237905
20230237906
20230237907
20230237908
20230237909
20230237910
20230237911
20230237912
20230237913
20230237914
20230237915
20230237916
20230237917
20230237918
20230237919
20230237920
20230237921
20230237922
20230237923
20230237924
20230237925
20230237926
20230237927
20230237928
20230237929
20230237930
20230237931
20230237932
20230237933
20230237934
20230237935
20230237936
20230237937
20230237938
20230237939
20230237940
20230237941
20230237942
20230237943
20230237944
20230237945
20230237946
20230237947
20230237948
20230237949
20230237950
20230237951
20230237952
20230237953
20230237954
20230237955
20230237956
20230237957
20230237958
20230237959
20230237960
20230237961
20230237962
20230237963
20230237964
20230237965
20230237966
20230237967
20230237968
20230237969
20230237970
20230237971
20230237972
20230237973
20230237974
20230237975
20230237976
20230237977
20230237978
20230237979
20230237980
20230237981
20230237982
20230237983
20230237984
20230237985
20230237986
20230237987
20230237988
20230237989
20230237990
20230237991
20230237992
20230237993
20230237994
20230237995
20230237996
20230237997
20230237998
20230237999
20230238000
20230238001
20230238002
20230238003
20230238004
20230238005
20230238006
20230238007
20230238008
20230238009
20230238010
20230238011
20230238012
20230238013
20230238014
20230238015
20230238016
20230238017
20230238018
20230238019
20230238020
20230238021
20230238022
20230238023
20230238024
20230238025
20230238026
20230238027
20230238028
20230238029
20230238030
20230238031
20230238032
20230238033
20230238034
20230238035
20230238036
20230238037
20230238038
20230238039
20230238040
20230238041
20230238042
20230238043
20230238044
20230238045
20230238046
20230238047
20230238048
20230238049
20230238050
20230238051
20230238052
20230238053
20230238054
20230238055
20230238056
20230238057
20230238058
20230238059
20230238060
20230238061
20230238062
20230238063
20230238064
20230238065
20230238066
20230238067
20230238068
20230238069
20230238070
20230238071
20230238072
20230238073
20230238074
20230238075
20230238076
20230238077
20230238078
20230238079
20230238080
20230238081
20230238082
20230238083
20230238084
20230238085
20230238086
20230238087
20230238088
20230238089
20230238090
20230238091
20230238092
20230238093
20230238094
20230238095
20230238096
20230238097
20230238098
20230238099
20230238100
20230238101
20230238102
20230238103
20230238104
20230238105
20230238106
20230238107
20230238108
20230238109
20230238110
20230238111
20230238112
20230238113
20230238114
20230238115
20230238116
20230238117
20230238118
20230238119
20230238120
20230238121
20230238122
20230238123
20230238124
20230238125
20230238126
20230238127
20230238128
20230238129
20230238130
20230238131
20230238132
20230238133
20230238134
20230238135
20230238136
20230238137
20230238138
20230238139
20230238140
20230238141
20230238142
20230238143
20230238144
20230238145
20230238146
20230238147
20230238148
20230238149
20230238150
20230238151
20230238152
20230238153
20230238154
20230238155
20230238156
20230238157
20230238158
20230238159
20230238160
20230238161
20230238162
20230238163
20230238164
20230238165
20230238166
20230238167
20230238168
20230238169
20230238170
20230238171
20230238172
20230238173
20230238174
20230238175
20230238176
20230238177
20230238178
20230238179
20230238180
20230238181
20230238182
20230238183
20230238184
20230238185
20230238186
20230238187
20230238188
20230238189
20230238190
20230238191
20230238192
20230238193
20230238194
20230238195
20230238196
20230238197
20230238198
20230238199
20230238200
20230238201
20230238202
20230238203
20230238204
20230238205
20230238206
20230238207
20230238208
20230238209
20230238210
20230238211
20230238212
20230238213
20230238214
20230238215
20230238216
20230238217
20230238218
20230238219
20230238220
20230238221
20230238222
20230238223
20230238224
20230238225
20230238226
20230238227
20230238228
20230238229
20230238230
20230238231
20230238232
20230238233
20230238234
20230238235
20230238236
20230238238
20230238239
20230238240
20230238241
20230238242
20230238243
20230238244
20230238245
20230238246
20230238247
20230238248
20230238249
20230238250
20230238251
20230238252
20230238253
20230238254
20230238255
20230238256
20230238257
20230238258
20230238259
20230238260
20230238261
20230238262
20230238263
20230238264
20230238265
20230238266
20230238267
20230238268
20230238269
20230238270
20230238271
20230238272
20230238273
20230238274
20230238275
20230238276
20230238277
20230238278
20230238279
20230238280
20230238281
20230238282
20230238283
20230238284
20230238285
20230238286
20230238287
20230238288
20230238289
20230238290
20230238291
20230238292
20230238293
20230238294
20230238295
20230238296
20230238297
20230238298
20230238299
20230238300
20230238301
20230238302
20230238303
20230238304
20230238305
20230238306
20230238307
20230238308
20230238309
20230238310
20230238311
20230238312
20230238313
20230238314
20230238315
20230238316
20230238317
20230238318
20230238319
20230238320
20230238321
20230238322
20230238323
20230238324
20230238325
20230238326
20230238327
20230238328
20230238329
20230238330
20230238331
20230238332
20230238333
20230238334
20230238335
20230238336
20230238337
20230238338
20230238339
20230238340
20230238341
20230238342
20230238343
20230238344
20230238345
20230238346
20230238347
20230238348
20230238349
20230238350
20230238351
20230238352
20230238353
20230238354
20230238355
20230238356
20230238357
20230238358
20230238359
20230238360
20230238361
20230238362
20230238363
20230238364
20230238365
20230238366
20230238367
20230238368
20230238369
20230238370
20230238371
20230238372
20230238373
20230238374
20230238375
20230238376
20230238377
20230238378
20230238379
20230238380
20230238381
20230238382
20230238383
20230238384
20230238385
20230238386
20230238387
20230238388
20230238389
20230238390
20230238391
20230238392
20230238393
20230238394
20230238395
20230238396
20230238397
20230238398
20230238399
20230238400
20230238401
20230238402
20230238403
20230238404
20230238405
20230238406
20230238407
20230238408
20230238409
20230238410
20230238411
20230238412
20230238413
20230238414
20230238415
20230238416
20230238417
20230238418
20230238419
20230238420
20230238421
20230238422
20230238423
20230238424
20230238425
20230238426
20230238427
20230238428
20230238429
20230238430
20230238431
20230238432
20230238433
20230238434
20230238435
20230238436
20230238437
20230238438
20230238439
20230238440
20230238441
20230238442
20230238443
20230238444
20230238445
20230238446
20230238447
20230238448
20230238449
20230238450
20230238451
20230238452
20230238453
20230238454
20230238455
20230238457
20230238458
20230238459
20230238460
20230238461
20230238462
20230238463
20230238464
20230238465
20230238466
20230238467
20230238468
20230238469
20230238470
20230238471
20230238472
20230238473
20230238474
20230238475
20230238476
20230238477
20230238478
20230238479
20230238480
20230238481
20230238482
20230238483
20230238484
20230238485
20230238486
20230238487
20230238488
20230238489
20230238490
20230238491
20230238492
20230238493
20230238494
20230238495
20230238496
20230238497
20230238498
20230238499
20230238500
20230238501
20230238502
20230238503
20230238504
20230238505
20230238506
20230238507
20230238508
20230238509
20230238510
20230238511
20230238512
20230238513
20230238514
20230238515
20230238516
20230238517
20230238518
20230238519
20230238520
20230238521
20230238522
20230238523
20230238524
20230238525
20230238526
20230238527
20230238528
20230238529
20230238530
20230238531
20230238532
20230238533
20230238534
20230238535
20230238536
20230238537
20230238538
20230238539
20230238540
20230238541
20230238542
20230238543
20230238544
20230238545
20230238546
20230238547
20230238548
20230238549
20230238550
20230238551
20230238552
20230238553
20230238554
20230238555
20230238556
20230238557
20230238558
20230238559
20230238560
20230238561
20230238562
20230238563
20230238564
20230238565
20230238566
20230238567
20230238568
20230238569
20230238570
20230238571
20230238572
20230238573
20230238574
20230238575
20230238576
20230238577
20230238578
20230238579
20230238580
20230238581
20230238582
20230238583
20230238584
20230238585
20230238586
20230238587
20230238588
20230238589
20230238590
20230238591
20230238592
20230238593
20230238594
20230238595
20230238596
20230238597
20230238598
20230238599
20230238600
20230238601
20230238602
20230238603
20230238604
20230238605
20230238606
20230238607
20230238608
20230238609
20230238610
20230238611
20230238612
20230238613
20230238614
20230238615
20230238616
20230238617
20230238618
20230238619
20230238620
20230238621
20230238622
20230238623
20230238624
20230238625
20230238626
20230238627
20230238628
20230238629
20230238630
20230238631
20230238632
20230238633
20230238634
20230238635
20230238636
20230238637
20230238638
20230238639
20230238640
20230238641
20230238642
20230238643
20230238644
20230238645
20230238646
20230238647
20230238648
20230238649
20230238650
20230238651
20230238652
20230238653
20230238654
20230238655
20230238656
20230238657
20230238658
20230238659
20230238660
20230238661
20230238662
20230238663
20230238664
20230238665
20230238666
20230238667
20230238668
20230238669
20230238670
20230238671
20230238672
20230238673
20230238674
20230238675
20230238676
20230238677
20230238678
20230238679
20230238680
20230238681
20230238682
20230238683
20230238684
20230238685
20230238686
20230238687
20230238688
20230238689
20230238690
20230238691
20230238692
20230238693
20230238694
20230238695
20230238696
20230238697
20230238698
20230238699
20230238700
20230238701
20230238702
20230238703
20230238704
20230238705
20230238706
20230238707
20230238708
20230238709
20230238710
20230238711
20230238712
20230238713
20230238714
20230238715
20230238716
20230238717
20230238718
20230238719
20230238720
20230238721
20230238722
20230238723
20230238724
20230238725
20230238726
20230238727
20230238728
20230238729
20230238730
20230238731
20230238732
20230238733
20230238734
20230238735
20230238736
20230238737
20230238738
20230238739
20230238740
20230238741
20230238742
20230238743
20230238744
20230238745
20230238746
20230238747
20230238748
20230238749
20230238750
20230238751
20230238752
20230238753
20230238754
20230238755
20230238756
20230238757
20230238758
20230238759
20230238760
20230238761
20230238762
20230238763
20230238764
20230238765
20230238766
20230238767
20230238768
20230238769
20230238770
20230238771
20230238772
20230238773
20230238774
20230238775
20230238776
20230238777
20230238778
20230238779
20230238780
20230238781
20230238782
20230238783
20230238784
20230238785
20230238786
20230238787
20230238788
20230238789
20230238790
20230238791
20230238792
20230238793
20230238794
20230238795
20230238796
20230238797
20230238798
20230238799
20230238800
20230238801
20230238802
20230238803
20230238804
20230238805
20230238806
20230238807
20230238808
20230238809
20230238810
20230238811
20230238812
20230238813
20230238814
20230238815
20230238816
20230238817
20230238818
20230238819
20230238820
20230238821
20230238822
20230238823
20230238824
20230238825
20230238826
20230238827
20230238828
20230238829
20230238830
20230238831
20230238832
20230238833
20230238834
20230238835
20230238836
20230238837
20230238838
20230238839
20230238840
20230238841
20230238842
20230238843
20230238844
20230238845
20230238846
20230238847
20230238848
20230238849
20230238850
20230238851
20230238852
20230238853
20230238854
20230238855
20230238856
20230238857
20230238858
20230238859
20230238860
20230238861
20230238862
20230238863
20230238864
20230238865
20230238866
20230238867
20230238868
20230238869
20230238870
20230238871
20230238872
20230238873
20230238874
20230238875
20230238876
20230238877
20230238878
20230238879
20230238880
20230238881
20230238882
20230238883
20230238884
20230238885
20230238886
20230238887
20230238888
20230238889
20230238890
20230238891
20230238892
20230238893
20230238894
20230238895
20230238896
20230238897
20230238898
20230238899
20230238900
20230238901
20230238902
20230238903
20230238904
20230238905
20230238906
20230238907
20230238908
20230238909
20230238910
20230238911
20230238912
20230238913
20230238914
20230238915
20230238916
20230238917
20230238918
20230238919
20230238920
20230238921
20230238922
20230238923
20230238924
20230238925
20230238926
20230238927
20230238928
20230238929
20230238930
20230238931
20230238932
20230238933
20230238934
20230238935
20230238936
20230238937
20230238938
20230238939
20230238940
20230238941
20230238942
20230238943
20230238944
20230238945
20230238946
20230238947
20230238948
20230238949
20230238950
20230238951
20230238952
20230238953
20230238954
20230238955
20230238956
20230238957
20230238958
20230238959
20230238960
20230238961
20230238962
20230238963
20230238964
20230238965
20230238966
20230238967
20230238968
20230238969
20230238970
20230238971
20230238972
20230238973
20230238974
20230238975
20230238976
20230238977
20230238978
20230238979
20230238980
20230238981
20230238982
20230238983
20230238984
20230238985
20230238986
20230238987
20230238988
20230238989
20230238990
20230238991
20230238992
20230238993
20230238994
20230238995
20230238996
20230238997
20230238998
20230238999
20230239000
20230239001
20230239002
20230239003
20230239004
20230239005
20230239006
20230239007
20230239008
20230239009
20230239010
20230239011
20230239012
20230239013
20230239014
20230239015
20230239016
20230239017
20230239018
20230239019
20230239020
20230239021
20230239022
20230239023
20230239024
20230239025
20230239026
20230239027
20230239028
20230239029
20230239030
20230239031
20230239032
20230239033
20230239034
20230239035
20230239036
20230239037
20230239038
20230239039
20230239040
20230239041
20230239042
20230239043
20230239044
20230239045
20230239046
20230239047
20230239048
20230239049
20230239050
20230239051
20230239052
20230239053
20230239054
20230239055
20230239056
20230239057
20230239058
20230239059
20230239060
20230239061
20230239062
20230239063
20230239064
20230239065
20230239066
20230239067
20230239068
20230239069
20230239070
20230239071
20230239072
20230239073
20230239074
20230239075
20230239076
20230239077
20230239078
20230239079
20230239080
20230239081
20230239082
20230239083
20230239084
20230239085
20230239086
20230239087
20230239088
20230239089
20230239090
20230239091
20230239092
20230239093
20230239094
20230239095
20230239096
20230239097
20230239098
20230239099
20230239100
20230239101
20230239102
20230239103
20230239104
20230239105
20230239106
20230239107
20230239108
20230239109
20230239110
20230239111
20230239112
20230239113
20230239114
20230239115
20230239116
20230239117
20230239118
20230239119
20230239120
20230239121
20230239122
20230239123
20230239124
20230239125
20230239126
20230239127
20230239128
20230239129
20230239130
20230239131
20230239132
20230239133
20230239134
20230239135
20230239136
20230239137
20230239138
20230239139
20230239140
20230239141
20230239142
20230239143
20230239144
20230239145
20230239146
20230239147
20230239148
20230239149
20230239150
20230239151
20230239152
20230239153
20230239154
20230239155
20230239156
20230239157
20230239158
20230239159
20230239160
20230239161
20230239162
20230239163
20230239164
20230239165
20230239166
20230239167
20230239168
20230239169
20230239170
20230239171
20230239172
20230239173
20230239174
20230239175
20230239176
20230239177
20230239178
20230239179
20230239180
20230239181
20230239182
20230239183
20230239184
20230239185
20230239186
20230239187
20230239188
20230239189
20230239190
20230239191
20230239192
20230239193
20230239194
20230239195
20230239196
20230239197
20230239198
20230239199
20230239200
20230239201
20230239202
20230239203
20230239204
20230239205
20230239206
20230239207
20230239208
20230239209
20230239210
20230239211
20230239212
20230239213
20230239214
20230239215
20230239216
20230239217
20230239218
20230239219
20230239220
20230239221
20230239222
20230239223
20230239224
20230239225
20230239226
20230239227
20230239228
20230239229
20230239230
20230239231
20230239232
20230239233
20230239234
20230239235
20230239236
20230239237
20230239238
20230239239
20230239240
20230239241
20230239242
20230239243
20230239244
20230239245
20230239246
20230239247
20230239248
20230239249
20230239250
20230239251
20230239252
20230239253
20230239254
20230239255
20230239256
20230239257
20230239258
20230239259
20230239260
20230239261
20230239262
20230239263
20230239264
20230239265
20230239266
20230239267
20230239268
20230239269
20230239270
20230239271
20230239272
20230239273
20230239274
20230239275
20230239276
20230239277
20230239278
20230239279
20230239280
20230239281
20230239282
20230239283
20230239284
20230239285
20230239286
20230239287
20230239288
20230239289
20230239290
20230239291
20230239292
20230239293
20230239294
20230239295
20230239296
20230239297
20230239298
20230239299
20230239300
20230239301
20230239302
20230239303
20230239304
20230239305
20230239306
20230239307
20230239308
20230239309
20230239310
20230239311
20230239312
20230239313
20230239314
20230239315
20230239316
20230239317
20230239318
20230239319
20230239320
20230239321
20230239322
20230239323
20230239324
20230239325
20230239326
20230239327
20230239328
20230239329
20230239330
20230239331
20230239332
20230239333
20230239334
20230239335
20230239336
20230239337
20230239338
20230239339
20230239340
20230239341
20230239342
20230239343
20230239344
20230239345
20230239346
20230239347
20230239348
20230239349
20230239350
20230239351
20230239352
20230239353
20230239355
20230239356
20230239357
20230239358
20230239359
20230239360
20230239361
20230239362
20230239363
20230239364
20230239365
20230239366
20230239367
20230239368
20230239369
20230239370
20230239371
20230239372
20230239373
20230239374
20230239375
20230239376
20230239377
20230239378
20230239379
20230239380
20230239381
20230239382
20230239383
20230239384
20230239385
20230239386
20230239387
20230239388
20230239389
20230239390
20230239391
20230239392
20230239393
20230239395
20230239396
20230239397
20230239398
20230239399
20230239400
20230239401
20230239402
20230239403
20230239404
20230239405
20230239406
20230239407
20230239408
20230239409
20230239410
20230239411
20230239412
20230239413
20230239414
20230239415
20230239416
20230239417
20230239418
20230239419
20230239420
20230239421
20230239422
20230239423
20230239424
20230239425
20230239426
20230239427
20230239428
20230239429
20230239430
20230239431
20230239432
20230239433
20230239434
20230239435
20230239436
20230239437
20230239438
20230239439
20230239440
20230239441
20230239442
20230239443
20230239444
20230239445
20230239446
20230239447
20230239448
20230239449
20230239450
20230239451
20230239452
20230239453
20230239454
20230239455
20230239456
20230239457
20230239458
20230239459
20230239460
20230239461
20230239462
20230239463
20230239464
20230239465
20230239466
20230239467
20230239468
20230239469
20230239470
20230239471
20230239472
20230239473
20230239474
20230239475
20230239476
20230239477
20230239478
20230239479
20230239480
20230239481
20230239482
20230239483
20230239484
20230239485
20230239486
20230239487
20230239488
20230239489
20230239490
20230239491
20230239492
20230239493
20230239494
20230239495
20230239496
20230239497
20230239498
20230239499
20230239500
20230239501
20230239502
20230239503
20230239504
20230239505
20230239506
20230239507
20230239508
20230239509
20230239510
20230239511
20230239512
20230239513
20230239514
20230239515
20230239516
20230239517
20230239518
20230239519
20230239520
20230239521
20230239522
20230239523
20230239524
20230239525
20230239526
20230239527
20230239528
20230239529
20230239530
20230239531
20230239532
20230239533
20230239534
20230239535
20230239536
20230239537
20230239538
20230239539
20230239540
20230239541
20230239542
20230239543
20230239544
20230239545
20230239546
20230239547
20230239548
20230239549
20230239550
20230239551
20230239552
20230239553
20230239554
20230239555
20230239556
20230239557
20230239558
20230239559
20230239560
20230239561
20230239562
20230239563
20230239564
20230239565
20230239566
20230239567
20230239568
20230239569
20230239570
20230239571
20230239572
20230239573
20230239574
20230239575
20230239576
20230239577
20230239578
20230239579
20230239580
20230239581
20230239582
20230239583
20230239584
20230239585
20230239586
20230239587
20230239588
20230239589
20230239590
20230239591
20230239592
20230239593
20230239594
20230239595
20230239596
20230239597
20230239598
20230239599
20230239600
20230239601
20230239602
20230239603
20230239604
20230239605
20230239606
20230239607
20230239608
20230239609
20230239610
20230239611
20230239612
20230239613
20230239614
20230239615
20230239616
20230239617
20230239618
20230239619
20230239620
20230239621
20230239622
20230239623
20230239624
20230239625
20230239626
20230239627
20230239628
20230239629
20230239630
20230239631
20230239632
20230239633
20230239634
20230239635
20230239636
20230239637
20230239638
20230239639
20230239640
20230239641
20230239642
20230239643
20230239644
20230239645
20230239646
20230239647
20230239648
20230239649
20230239650
20230239651
20230239652
20230239653
20230239654
20230239655
20230239656
20230239657
20230239658
20230239659
20230239660
20230239661
20230239662
20230239663
20230239664
20230239665
20230239666
20230239667
20230239668
20230239669
20230239670
20230239671
20230239672
20230239673
20230239674
20230239675
20230239676
20230239677
20230239678
20230239679
20230239680
20230239681
20230239682
20230239683
20230239684
20230239685
20230239686
20230239687
20230239688
20230239689
20230239690
20230239691
20230239692
20230239693
20230239694
20230239695
20230239696
20230239697
20230239698
20230239699
20230239700
20230239701
20230239702
20230239703
20230239704
20230239705
20230239706
20230239707
20230239708
20230239709
20230239710
20230239711
20230239712
20230239713
20230239714
20230239715
20230239716
20230239717
20230239718
20230239719
20230239720
20230239721
20230239722
20230239723
20230239724
20230239725
20230239726
20230239727
20230239728
20230239729
20230239730
20230239731
20230239732
20230239733
20230239734
20230239735
20230239736
20230239737
20230239738
20230239739
20230239740
20230239741
20230239742
20230239743
20230239744
20230239745
20230239746
20230239747
20230239748
20230239749
20230239750
20230239751
20230239752
20230239753
20230239754
20230239755
20230239756
20230239757
20230239758
20230239759
20230239760
20230239761
20230239762
20230239763
20230239764
20230239765
20230239766
20230239767
20230239768
20230239769
20230239770
20230239771
20230239772
20230239773
20230239774
20230239775
20230239776
20230239777
20230239778
20230239779
20230239780
20230239781
20230239782
20230239783
20230239784
20230239785
20230239786
20230239787
20230239788
20230239789
20230239790
20230239791
20230239792
20230239793
20230239794
20230239795
20230239796
20230239797
20230239798
20230239799
20230239800
20230239801
20230239802
20230239803
20230239804
20230239805
20230239806
20230239807
20230239808
20230239809
20230239810
20230239811
20230239812
20230239813
20230239814
20230239815
20230239816
20230239817
20230239818
20230239819
20230239820
20230239821
20230239822
20230239823
20230239824
20230239825
20230239826
20230239827
20230239828
20230239829
20230239830
20230239831
20230239832
20230239833
20230239834
20230239835
20230239836
20230239837
20230239839
20230239840
20230239841
20230239842
20230239843
20230239844
20230239845
20230239846
20230239847
20230239848
20230239849
20230239850
20230239851
20230239852
20230239853
20230239854
20230239856
20230239857
20230239858
20230239859
20230239860
20230239861
20230239862
20230239863
20230239864
20230239865
20230239866
20230239867
20230239868
20230239869
20230239870
20230239871
20230239872
20230239873
20230239874
20230239875
20230239876
20230239877
20230239878
20230239879
20230239880
20230239881
20230239882
20230239883
20230239884
20230239885
20230239886
20230239887
20230239888
20230239889
20230239890
20230239891
20230239892
20230239893
20230239894
20230239895
20230239896
20230239897
20230239898
20230239899
20230239900
20230239901
20230239902
20230239903
20230239904
20230239905
20230239906
20230239907
20230239908
20230239909
20230239910
20230239911
20230239912
20230239913
20230239914
20230239915
20230239916
20230239917
20230239918
20230239919
20230239920
20230239921
20230239922
20230239923
20230239924
20230239925
20230239926
20230239927
20230239928
20230239929
20230239930
20230239931
20230239932
20230239933
20230239934
20230239935
20230239936
20230239937
20230239938
20230239939
20230239940
20230239941
20230239942
20230239943
20230239944
20230239945
20230239946
20230239947
20230239948
20230239949
20230239950
20230239951
20230239952
20230239953
20230239954
20230239955
20230239956
20230239957
20230239958
20230239959
20230239960
20230239961
20230239962
20230239963
20230239964
20230239965
20230239966
20230239967
20230239968
20230239969
20230239970
20230239971
20230239972
20230239973
20230239974
20230239975
20230239976
20230239977
20230239978
20230239979
20230239980
20230239981
20230239982
20230239983
20230239984
20230239985
20230239986
20230239987
20230239988
20230239989
20230239990
20230239991
20230239992
20230239993
20230239994
20230239995
20230239996
20230239997
20230239998
20230239999
20230240000
20230240001
20230240002
20230240003
20230240004
20230240005
20230240006
20230240007
20230240008
20230240009
20230240010
20230240011
20230240012
20230240013
20230240014
20230240015
20230240016
20230240017
20230240018
20230240019
20230240020
20230240021
20230240022
20230240023
20230240024
20230240025
20230240026
20230240027
20230240028
20230240029
20230240030
20230240031
20230240032
20230240033
20230240034
20230240035
20230240036
20230240037
20230240038
20230240039
20230240040
20230240041
20230240042
20230240043
20230240044
20230240045
20230240046
20230240047
20230240048
20230240049
20230240050
20230240051
20230240052
20230240053
20230240054
20230240055
20230240056
20230240057
20230240058
20230240059
20230240060
20230240061
20230240062
20230240063
20230240064
20230240065
20230240066
20230240067
20230240068
20230240069
20230240070
20230240071
20230240072
20230240073
20230240074
20230240075
20230240076
20230240077
20230240078
20230240079
20230240080
20230240081
20230240082
20230240083
20230240084
20230240085
20230240086
20230240087
20230240088
20230240089
20230240090
20230240091
20230240092
20230240093
20230240094
20230240095
20230240096
20230240097
20230240098
20230240099
20230240100
20230240101
20230240102
20230240103
20230240104
20230240105
20230240106
20230240107
20230240108
20230240109
20230240110
20230240111
20230240112
20230240113
20230240114
20230240115
20230240116
20230240117
20230240118
20230240119
20230240120
20230240121
20230240122
20230240123
20230240124
20230240125
20230240126
20230240127
20230240128
20230240129
20230240130
20230240131
20230240132
20230240133
20230240134
20230240135
20230240136
20230240137
20230240138
20230240139
20230240140
20230240141
20230240142
20230240143
20230240144
20230240145
20230240146
20230240147
20230240148
20230240149
20230240150
20230240151
20230240152
20230240153
20230240154
20230240155
20230240156
20230240157
20230240158
20230240159
20230240160
20230240161
